CHA200907230	.5,.5	1	4,3	8
CHA200907230	.5,.5	1	1,3	7
CHA200907230	1	1	1	5
CHA200907230	1	1	8	1
CHA200907230	1	1	6	7
CHA200907230	1	1	9	7
CHA200907230	1	1	3	3
CHA200907230	1	1	1	4
CHA200907230	1	1	9	10
CHA200907230	1	1	10	9
CHA200907230	1	1	7	1
CHA200907230	1	1	5	1
CHA200907230	1	1	4	1
CHA200907230	1	1	2	7
CHA200907230	1	1	3	1
CHA200907230	1	.5,.5	8	6,3
CHA200907230	1	1	7	9
CHA200907230	.5,.5	1	6,3	2
CHA200907230	1	1	7	6
CHA200907230	1	1	6	1
CHA200907230	1	1	9	9
CHA200907230	1	1	10	8
CHA200907230	1	1	7	8
CHA200907230	1	1	1	8
CHA200907230	1	1	7	7
CHA200907230	1	1	6	5
CHA200907230	1	1	5	7
CHA200907230	1	1	4	9
CHA200907230	1	1	2	1
CHA200907230	1	1	3	8
CHA200907230	.5,.5	1	3,1	3
CHA200907230	.5,.5	1	6,3	4
CHA200907230	1	1	1	10
CHA200907230	1	1	8	9
CHA200907230	1	1	6	9
CHA200907230	1	1	9	1
CHA200907230	1	1	10	7
CHA200907230	1	.5,.5	7	4,3
CHA200907230	.5,.5	1	5,3	9
CHA200907230	.5,.5	1	5,3	2
CHA200907230	.5,.5	1	6,3	6
CHA200907230	1	1	5	3
CHA200907230	1	1	4	1
CHA200907230	1	1	2	1
CHA200907230	1	1	3	7
CHA200907230	.5,.5	1	6,3	8
CHA200907230	.5,.5	1	1,3	7
CHA200907230	1	1	9	5
CHA200907230	1	.5,.5	8	1,3
CHA200907230	1	1	6	7
CHA200907230	1	.5,.5	9	5,3
CHA200907230	1	.5,.5	10	5,3
CHA200907230	1	1	1	3
CHA200907230	1	1	5	4
CHA200907230	1	1	5	10
CHA200907230	1	1	7	8
CHA200907230	1	1	5	7
CHA200907230	1	1	4	1
CHA200907230	1	1	8	9
CHA200907230	1	1	1	2
CHA200907230	.5,.5	1	6,3	6
